2.869344000000000000e+17
2.875392000000000000e+17
2.881440000000000000e+17
2.887488000000000000e+17
2.893536000000000000e+17
2.899584000000000000e+17
2.905632000000000000e+17
2.911680000000000000e+17
2.917728000000000000e+17
2.923776000000000000e+17
2.929824000000000000e+17
2.935872000000000000e+17
2.941920000000000000e+17
2.947968000000000000e+17
2.954016000000000000e+17
2.960064000000000000e+17
2.966112000000000000e+17
2.972160000000000000e+17
2.978208000000000000e+17
2.984256000000000000e+17
2.990304000000000000e+17
2.996352000000000000e+17
3.002400000000000000e+17
3.008448000000000000e+17
3.014496000000000000e+17
3.020544000000000000e+17
3.026592000000000000e+17
3.032640000000000000e+17
3.038688000000000000e+17
3.044736000000000000e+17
3.050784000000000000e+17
3.056832000000000000e+17
3.062880000000000000e+17
3.068928000000000000e+17
3.074976000000000000e+17
3.081024000000000000e+17
3.087072000000000000e+17
3.093120000000000000e+17
3.099168000000000000e+17
3.105216000000000000e+17
3.111264000000000000e+17
3.117312000000000000e+17
3.123360000000000000e+17
3.129408000000000000e+17
3.135456000000000000e+17
3.141504000000000000e+17
3.147552000000000000e+17
3.153600000000000000e+17
3.159648000000000000e+17
3.165696000000000000e+17
3.171744000000000000e+17
3.177792000000000000e+17
3.183840000000000000e+17
3.189888000000000000e+17
3.195936000000000000e+17
3.201984000000000000e+17
3.208032000000000000e+17
3.214080000000000000e+17
3.220128000000000000e+17
3.226176000000000000e+17
3.232224000000000000e+17
3.238272000000000000e+17
3.244320000000000000e+17
3.250368000000000000e+17
3.256416000000000000e+17
3.262464000000000000e+17
3.268512000000000000e+17
3.274560000000000000e+17
3.280608000000000000e+17
3.286656000000000000e+17
3.292704000000000000e+17
3.298752000000000000e+17
3.304800000000000000e+17
3.310848000000000000e+17
3.316896000000000000e+17
3.322944000000000000e+17
3.328992000000000000e+17
3.335040000000000000e+17
3.341088000000000000e+17
3.347136000000000000e+17
3.353184000000000000e+17
3.359232000000000000e+17
3.365280000000000000e+17
3.371328000000000000e+17
3.377376000000000000e+17
3.383424000000000000e+17
3.389472000000000000e+17
3.395520000000000000e+17
3.401568000000000000e+17
3.407616000000000000e+17
3.413664000000000000e+17
3.419712000000000000e+17
3.425760000000000000e+17
3.431808000000000000e+17
3.437856000000000000e+17
3.443904000000000000e+17
3.449952000000000000e+17
3.456000000000000000e+17
3.462048000000000000e+17
3.468096000000000000e+17
3.474144000000000000e+17
3.480192000000000000e+17
3.486240000000000000e+17
3.492288000000000000e+17
3.498336000000000000e+17
3.504384000000000000e+17
3.510432000000000000e+17
3.516480000000000000e+17
3.522528000000000000e+17
3.528576000000000000e+17
3.534624000000000000e+17
3.540672000000000000e+17
3.546720000000000000e+17
3.552768000000000000e+17
3.558816000000000000e+17
3.564864000000000000e+17
3.570912000000000000e+17
3.576960000000000000e+17
3.583008000000000000e+17
3.589056000000000000e+17
3.595104000000000000e+17
3.601152000000000000e+17
3.607200000000000000e+17
3.613248000000000000e+17
3.619296000000000000e+17
3.625344000000000000e+17
3.631392000000000000e+17
3.637440000000000000e+17
3.643488000000000000e+17
3.649536000000000000e+17
3.655584000000000000e+17
3.661632000000000000e+17
3.667680000000000000e+17
3.673728000000000000e+17
3.679776000000000000e+17
3.685824000000000000e+17
3.691872000000000000e+17
3.697920000000000000e+17
3.703968000000000000e+17
3.710016000000000000e+17
3.716064000000000000e+17
3.722112000000000000e+17
3.728160000000000000e+17
3.734208000000000000e+17
3.740256000000000000e+17
3.746304000000000000e+17
3.752352000000000000e+17
3.758400000000000000e+17
3.764448000000000000e+17
3.770496000000000000e+17
3.776544000000000000e+17
3.782592000000000000e+17
3.788640000000000000e+17
3.794688000000000000e+17
3.800736000000000000e+17
3.806784000000000000e+17
3.812832000000000000e+17
3.818880000000000000e+17
3.824928000000000000e+17
3.830976000000000000e+17
3.837024000000000000e+17
3.843072000000000000e+17
3.849120000000000000e+17
3.855168000000000000e+17
3.861216000000000000e+17
3.867264000000000000e+17
3.873312000000000000e+17
3.879360000000000000e+17
3.885408000000000000e+17
3.891456000000000000e+17
3.897504000000000000e+17
3.903552000000000000e+17
3.909600000000000000e+17
3.915648000000000000e+17
3.921696000000000000e+17
3.927744000000000000e+17
3.933792000000000000e+17
3.939840000000000000e+17
3.945888000000000000e+17
3.951936000000000000e+17
3.957984000000000000e+17
3.964032000000000000e+17
3.970080000000000000e+17
3.976128000000000000e+17
3.982176000000000000e+17
3.988224000000000000e+17
3.994272000000000000e+17
4.000320000000000000e+17
4.006368000000000000e+17
4.012416000000000000e+17
4.018464000000000000e+17
4.024512000000000000e+17
4.030560000000000000e+17
4.036608000000000000e+17
4.042656000000000000e+17
4.048704000000000000e+17
4.054752000000000000e+17
4.060800000000000000e+17
4.066848000000000000e+17
4.072896000000000000e+17
4.078944000000000000e+17
4.084992000000000000e+17
4.091040000000000000e+17
4.097088000000000000e+17
4.103136000000000000e+17
4.109184000000000000e+17
4.115232000000000000e+17
4.121280000000000000e+17
4.127328000000000000e+17
4.133376000000000000e+17
4.139424000000000000e+17
4.145472000000000000e+17
4.151520000000000000e+17
4.157568000000000000e+17
4.163616000000000000e+17
4.169664000000000000e+17
4.175712000000000000e+17
4.181760000000000000e+17
4.187808000000000000e+17
4.193856000000000000e+17
4.199904000000000000e+17
4.205952000000000000e+17
4.212000000000000000e+17
4.218048000000000000e+17
4.224096000000000000e+17
4.230144000000000000e+17
4.236192000000000000e+17
4.242240000000000000e+17
4.248288000000000000e+17
4.254336000000000000e+17
4.260384000000000000e+17
4.266432000000000000e+17
4.272480000000000000e+17
4.278528000000000000e+17
4.284576000000000000e+17
4.290624000000000000e+17
4.296672000000000000e+17
4.302720000000000000e+17
4.308768000000000000e+17
4.314816000000000000e+17
4.320864000000000000e+17
4.326912000000000000e+17
4.332960000000000000e+17
4.339008000000000000e+17
4.345056000000000000e+17
4.351104000000000000e+17
4.357152000000000000e+17
4.363200000000000000e+17
4.369248000000000000e+17
4.375296000000000000e+17
4.381344000000000000e+17
4.387392000000000000e+17
4.393440000000000000e+17
4.399488000000000000e+17
4.405536000000000000e+17
4.411584000000000000e+17
4.417632000000000000e+17
4.423680000000000000e+17
4.429728000000000000e+17
4.435776000000000000e+17
4.441824000000000000e+17
4.447872000000000000e+17
4.453920000000000000e+17
4.459968000000000000e+17
4.466016000000000000e+17
4.472064000000000000e+17
4.478112000000000000e+17
4.484160000000000000e+17
4.490208000000000000e+17
4.496256000000000000e+17
4.502304000000000000e+17
4.508352000000000000e+17
4.514400000000000000e+17
4.520448000000000000e+17
4.526496000000000000e+17
4.532544000000000000e+17
4.538592000000000000e+17
4.544640000000000000e+17
4.550688000000000000e+17
4.556736000000000000e+17
4.562784000000000000e+17
4.568832000000000000e+17
4.574880000000000000e+17
4.580928000000000000e+17
4.586976000000000000e+17
4.593024000000000000e+17
4.599072000000000000e+17
4.605120000000000000e+17
4.611168000000000000e+17
4.617216000000000000e+17
4.623264000000000000e+17
4.629312000000000000e+17
4.635360000000000000e+17
4.641408000000000000e+17
4.647456000000000000e+17
4.653504000000000000e+17
4.659552000000000000e+17
4.665600000000000000e+17
4.671648000000000000e+17
4.677696000000000000e+17
4.683744000000000000e+17
4.689792000000000000e+17
4.695840000000000000e+17
4.701888000000000000e+17
4.707936000000000000e+17
4.713984000000000000e+17
4.720032000000000000e+17
4.726080000000000000e+17
4.732128000000000000e+17
4.738176000000000000e+17
4.744224000000000000e+17
4.750272000000000000e+17
4.756320000000000000e+17
4.762368000000000000e+17
4.768416000000000000e+17
4.774464000000000000e+17
4.780512000000000000e+17
4.786560000000000000e+17
4.792608000000000000e+17
4.798656000000000000e+17
4.804704000000000000e+17
4.810752000000000000e+17
4.816800000000000000e+17
4.822848000000000000e+17
4.828896000000000000e+17
4.834944000000000000e+17
4.840992000000000000e+17
4.847040000000000000e+17
4.853088000000000000e+17
4.859136000000000000e+17
4.865184000000000000e+17
4.871232000000000000e+17
4.877280000000000000e+17
4.883328000000000000e+17
4.889376000000000000e+17
4.895424000000000000e+17
4.901472000000000000e+17
4.907520000000000000e+17
4.913568000000000000e+17
4.919616000000000000e+17
4.925664000000000000e+17
4.931712000000000000e+17
4.937760000000000000e+17
4.943808000000000000e+17
4.949856000000000000e+17
4.955904000000000000e+17
4.961952000000000000e+17
4.968000000000000000e+17
4.974048000000000000e+17
4.980096000000000000e+17
4.986144000000000000e+17
4.992192000000000000e+17
4.998240000000000000e+17
5.004288000000000000e+17
5.010336000000000000e+17
5.016384000000000000e+17
5.022432000000000000e+17
5.028480000000000000e+17
5.034528000000000000e+17
5.040576000000000000e+17
5.046624000000000000e+17
5.052672000000000000e+17
5.058720000000000000e+17
5.064768000000000000e+17
5.070816000000000000e+17
5.076864000000000000e+17
5.082912000000000000e+17
5.088960000000000000e+17
5.095008000000000000e+17
5.101056000000000000e+17
5.107104000000000000e+17
5.113152000000000000e+17
5.119200000000000000e+17
5.125248000000000000e+17
5.131296000000000000e+17
5.137344000000000000e+17
5.143392000000000000e+17
5.149440000000000000e+17
5.155488000000000000e+17
5.161536000000000000e+17
5.167584000000000000e+17
5.173632000000000000e+17
5.179680000000000000e+17
5.185728000000000000e+17
5.191776000000000000e+17
5.197824000000000000e+17
5.203872000000000000e+17
5.209920000000000000e+17
5.215968000000000000e+17
5.222016000000000000e+17
5.228064000000000000e+17
5.234112000000000000e+17
5.240160000000000000e+17
5.246208000000000000e+17
5.252256000000000000e+17
5.258304000000000000e+17
5.264352000000000000e+17
5.270400000000000000e+17
5.276448000000000000e+17
5.282496000000000000e+17
5.288544000000000000e+17
5.294592000000000000e+17
5.300640000000000000e+17
5.306688000000000000e+17
5.312736000000000000e+17
5.318784000000000000e+17
5.324832000000000000e+17
5.330880000000000000e+17
5.336928000000000000e+17
5.342976000000000000e+17
5.349024000000000000e+17
5.355072000000000000e+17
5.361120000000000000e+17
5.367168000000000000e+17
5.373216000000000000e+17
5.379264000000000000e+17
5.385312000000000000e+17
5.391360000000000000e+17
5.397408000000000000e+17
5.403456000000000000e+17
5.409504000000000000e+17
5.415552000000000000e+17
5.421600000000000000e+17
5.427648000000000000e+17
5.433696000000000000e+17
5.439744000000000000e+17
5.445792000000000000e+17
5.451840000000000000e+17
5.457888000000000000e+17
5.463936000000000000e+17
5.469984000000000000e+17
5.476032000000000000e+17
5.482080000000000000e+17
5.488128000000000000e+17
5.494176000000000000e+17
5.500224000000000000e+17
5.506272000000000000e+17
5.512320000000000000e+17
5.518368000000000000e+17
5.524416000000000000e+17
5.530464000000000000e+17
5.536512000000000000e+17
5.542560000000000000e+17
5.548608000000000000e+17
5.554656000000000000e+17
5.560704000000000000e+17
5.566752000000000000e+17
5.572800000000000000e+17
5.578848000000000000e+17
5.584896000000000000e+17
5.590944000000000000e+17
5.596992000000000000e+17
5.603040000000000000e+17
5.609088000000000000e+17
5.615136000000000000e+17
5.621184000000000000e+17
5.627232000000000000e+17
5.633280000000000000e+17
5.639328000000000000e+17
5.645376000000000000e+17
5.651424000000000000e+17
5.657472000000000000e+17
5.663520000000000000e+17
5.669568000000000000e+17
5.675616000000000000e+17
5.681664000000000000e+17
5.687712000000000000e+17
5.693760000000000000e+17
5.699808000000000000e+17
5.705856000000000000e+17
5.711904000000000000e+17
5.717952000000000000e+17
5.724000000000000000e+17
5.730048000000000000e+17
5.736096000000000000e+17
5.742144000000000000e+17
5.748192000000000000e+17
5.754240000000000000e+17
5.760288000000000000e+17
5.766336000000000000e+17
5.772384000000000000e+17
5.778432000000000000e+17
5.784480000000000000e+17
5.790528000000000000e+17
5.796576000000000000e+17
5.802624000000000000e+17
5.808672000000000000e+17
5.814720000000000000e+17
5.820768000000000000e+17
5.826816000000000000e+17
5.832864000000000000e+17
5.838912000000000000e+17
5.844960000000000000e+17
5.851008000000000000e+17
5.857056000000000000e+17
5.863104000000000000e+17
5.869152000000000000e+17
5.875200000000000000e+17
5.881248000000000000e+17
5.887296000000000000e+17
5.893344000000000000e+17
5.899392000000000000e+17
5.905440000000000000e+17
5.911488000000000000e+17
5.917536000000000000e+17
5.923584000000000000e+17
5.929632000000000000e+17
5.935680000000000000e+17
5.941728000000000000e+17
5.947776000000000000e+17
5.953824000000000000e+17
5.959872000000000000e+17
5.965920000000000000e+17
5.971968000000000000e+17
5.978016000000000000e+17
5.984064000000000000e+17
5.990112000000000000e+17
5.996160000000000000e+17
6.002208000000000000e+17
6.008256000000000000e+17
6.014304000000000000e+17
6.020352000000000000e+17
6.026400000000000000e+17
6.032448000000000000e+17
6.038496000000000000e+17
6.044544000000000000e+17
6.050592000000000000e+17
6.056640000000000000e+17
6.062688000000000000e+17
6.068736000000000000e+17
6.074784000000000000e+17
6.080832000000000000e+17
6.086880000000000000e+17
6.092928000000000000e+17
6.098976000000000000e+17
6.105024000000000000e+17
6.111072000000000000e+17
6.117120000000000000e+17
6.123168000000000000e+17
6.129216000000000000e+17
6.135264000000000000e+17
6.141312000000000000e+17
6.147360000000000000e+17
6.153408000000000000e+17
6.159456000000000000e+17
6.165504000000000000e+17
6.171552000000000000e+17
6.177600000000000000e+17
6.183648000000000000e+17
6.189696000000000000e+17
6.195744000000000000e+17
6.201792000000000000e+17
6.207840000000000000e+17
6.213888000000000000e+17
6.219936000000000000e+17
6.225984000000000000e+17
6.232032000000000000e+17
6.238080000000000000e+17
6.244128000000000000e+17
6.250176000000000000e+17
6.256224000000000000e+17
6.262272000000000000e+17
6.268320000000000000e+17
6.274368000000000000e+17
6.280416000000000000e+17
6.286464000000000000e+17
6.292512000000000000e+17
6.298560000000000000e+17
6.304608000000000000e+17
6.310656000000000000e+17
6.316704000000000000e+17
6.322752000000000000e+17
6.328800000000000000e+17
6.334848000000000000e+17
6.340896000000000000e+17
6.346944000000000000e+17
6.352992000000000000e+17
6.359040000000000000e+17
6.365088000000000000e+17
6.371136000000000000e+17
6.377184000000000000e+17
6.383232000000000000e+17
6.389280000000000000e+17
6.395328000000000000e+17
6.401376000000000000e+17
6.407424000000000000e+17
6.413472000000000000e+17
6.419520000000000000e+17
6.425568000000000000e+17
6.431616000000000000e+17
6.437664000000000000e+17
6.443712000000000000e+17
6.449760000000000000e+17
6.455808000000000000e+17
6.461856000000000000e+17
6.467904000000000000e+17
6.473952000000000000e+17
6.480000000000000000e+17
6.486048000000000000e+17
6.492096000000000000e+17
6.498144000000000000e+17
6.504192000000000000e+17
6.510240000000000000e+17
6.516288000000000000e+17
6.522336000000000000e+17
6.528384000000000000e+17
6.534432000000000000e+17
6.540480000000000000e+17
6.546528000000000000e+17
6.552576000000000000e+17
6.558624000000000000e+17
6.564672000000000000e+17
6.570720000000000000e+17
6.576768000000000000e+17
6.582816000000000000e+17
6.588864000000000000e+17
6.594912000000000000e+17
6.600960000000000000e+17
6.607008000000000000e+17
6.613056000000000000e+17
6.619104000000000000e+17
6.625152000000000000e+17
6.631200000000000000e+17
6.637248000000000000e+17
6.643296000000000000e+17
6.649344000000000000e+17
6.655392000000000000e+17
6.661440000000000000e+17
6.667488000000000000e+17
6.673536000000000000e+17
6.679584000000000000e+17
6.685632000000000000e+17
6.691680000000000000e+17
6.697728000000000000e+17
6.703776000000000000e+17
6.709824000000000000e+17
6.715872000000000000e+17
6.721920000000000000e+17
6.727968000000000000e+17
6.734016000000000000e+17
6.740064000000000000e+17
6.746112000000000000e+17
6.752160000000000000e+17
6.758208000000000000e+17
6.764256000000000000e+17
6.770304000000000000e+17
6.776352000000000000e+17
6.782400000000000000e+17
6.788448000000000000e+17
6.794496000000000000e+17
6.800544000000000000e+17
6.806592000000000000e+17
6.812640000000000000e+17
6.818688000000000000e+17
6.824736000000000000e+17
6.830784000000000000e+17
6.836832000000000000e+17
6.842880000000000000e+17
6.848928000000000000e+17
6.854976000000000000e+17
6.861024000000000000e+17
6.867072000000000000e+17
6.873120000000000000e+17
6.879168000000000000e+17
6.885216000000000000e+17
6.891264000000000000e+17
6.897312000000000000e+17
6.903360000000000000e+17
6.909408000000000000e+17
6.915456000000000000e+17
6.921504000000000000e+17
6.927552000000000000e+17
6.933600000000000000e+17
6.939648000000000000e+17
6.945696000000000000e+17
6.951744000000000000e+17
6.957792000000000000e+17
6.963840000000000000e+17
6.969888000000000000e+17
6.975936000000000000e+17
6.981984000000000000e+17
6.988032000000000000e+17
6.994080000000000000e+17
7.000128000000000000e+17
7.006176000000000000e+17
7.012224000000000000e+17
7.018272000000000000e+17
7.024320000000000000e+17
7.030368000000000000e+17
7.036416000000000000e+17
7.042464000000000000e+17
7.048512000000000000e+17
7.054560000000000000e+17
7.060608000000000000e+17
7.066656000000000000e+17
7.072704000000000000e+17
7.078752000000000000e+17
7.084800000000000000e+17
7.090848000000000000e+17
7.096896000000000000e+17
7.102944000000000000e+17
7.108992000000000000e+17
7.115040000000000000e+17
7.121088000000000000e+17
7.127136000000000000e+17
7.133184000000000000e+17
7.139232000000000000e+17
7.145280000000000000e+17
7.151328000000000000e+17
7.157376000000000000e+17
7.163424000000000000e+17
7.169472000000000000e+17
7.175520000000000000e+17
7.181568000000000000e+17
7.187616000000000000e+17
7.193664000000000000e+17
7.199712000000000000e+17
7.205760000000000000e+17
7.211808000000000000e+17
7.217856000000000000e+17
7.223904000000000000e+17
7.229952000000000000e+17
7.236000000000000000e+17
7.242048000000000000e+17
7.248096000000000000e+17
7.254144000000000000e+17
7.260192000000000000e+17
7.266240000000000000e+17
7.272288000000000000e+17
7.278336000000000000e+17
7.284384000000000000e+17
7.290432000000000000e+17
7.296480000000000000e+17
7.302528000000000000e+17
7.308576000000000000e+17
7.314624000000000000e+17
7.320672000000000000e+17
7.326720000000000000e+17
7.332768000000000000e+17
7.338816000000000000e+17
7.344864000000000000e+17
7.350912000000000000e+17
7.356960000000000000e+17
7.363008000000000000e+17
7.369056000000000000e+17
7.375104000000000000e+17
7.381152000000000000e+17
7.387200000000000000e+17
7.393248000000000000e+17
7.399296000000000000e+17
7.405344000000000000e+17
7.411392000000000000e+17
7.417440000000000000e+17
7.423488000000000000e+17
7.429536000000000000e+17
7.435584000000000000e+17
7.441632000000000000e+17
7.447680000000000000e+17
7.453728000000000000e+17
7.459776000000000000e+17
7.465824000000000000e+17
7.471872000000000000e+17
7.477920000000000000e+17
7.483968000000000000e+17
7.490016000000000000e+17
7.496064000000000000e+17
7.502112000000000000e+17
7.508160000000000000e+17
7.514208000000000000e+17
7.520256000000000000e+17
7.526304000000000000e+17
7.532352000000000000e+17
7.538400000000000000e+17
7.544448000000000000e+17
7.550496000000000000e+17
7.556544000000000000e+17
7.562592000000000000e+17
7.568640000000000000e+17
7.574688000000000000e+17
7.580736000000000000e+17
7.586784000000000000e+17
7.592832000000000000e+17
7.598880000000000000e+17
7.604928000000000000e+17
7.610976000000000000e+17
7.617024000000000000e+17
7.623072000000000000e+17
7.629120000000000000e+17
7.635168000000000000e+17
7.641216000000000000e+17
7.647264000000000000e+17
7.653312000000000000e+17
7.659360000000000000e+17
7.665408000000000000e+17
7.671456000000000000e+17
7.677504000000000000e+17
7.683552000000000000e+17
7.689600000000000000e+17
7.695648000000000000e+17
7.701696000000000000e+17
7.707744000000000000e+17
7.713792000000000000e+17
7.719840000000000000e+17
7.725888000000000000e+17
7.731936000000000000e+17
7.737984000000000000e+17
7.744032000000000000e+17
7.750080000000000000e+17
7.756128000000000000e+17
7.762176000000000000e+17
7.768224000000000000e+17
7.774272000000000000e+17
7.780320000000000000e+17
7.786368000000000000e+17
7.792416000000000000e+17
7.798464000000000000e+17
7.804512000000000000e+17
7.810560000000000000e+17
7.816608000000000000e+17
7.822656000000000000e+17
7.828704000000000000e+17
7.834752000000000000e+17
7.840800000000000000e+17
7.846848000000000000e+17
7.852896000000000000e+17
7.858944000000000000e+17
7.864992000000000000e+17
7.871040000000000000e+17
7.877088000000000000e+17
7.883136000000000000e+17
7.889184000000000000e+17
7.895232000000000000e+17
7.901280000000000000e+17
7.907328000000000000e+17
7.913376000000000000e+17
7.919424000000000000e+17
7.925472000000000000e+17
7.931520000000000000e+17
7.937568000000000000e+17
7.943616000000000000e+17
7.949664000000000000e+17
7.955712000000000000e+17
7.961760000000000000e+17
7.967808000000000000e+17
7.973856000000000000e+17
7.979904000000000000e+17
7.985952000000000000e+17
7.992000000000000000e+17
7.998048000000000000e+17
8.004096000000000000e+17
8.010144000000000000e+17
8.016192000000000000e+17
8.022240000000000000e+17
8.028288000000000000e+17
8.034336000000000000e+17
8.040384000000000000e+17
8.046432000000000000e+17
8.052480000000000000e+17
8.058528000000000000e+17
8.064576000000000000e+17
8.070624000000000000e+17
8.076672000000000000e+17
8.082720000000000000e+17
8.088768000000000000e+17
8.094816000000000000e+17
8.100864000000000000e+17
8.106912000000000000e+17
8.112960000000000000e+17
8.119008000000000000e+17
8.125056000000000000e+17
8.131104000000000000e+17
8.137152000000000000e+17
8.143200000000000000e+17
8.149248000000000000e+17
8.155296000000000000e+17
8.161344000000000000e+17
8.167392000000000000e+17
8.173440000000000000e+17
8.179488000000000000e+17
8.185536000000000000e+17
8.191584000000000000e+17
8.197632000000000000e+17
8.203680000000000000e+17
8.209728000000000000e+17
8.215776000000000000e+17
8.221824000000000000e+17
8.227872000000000000e+17
8.233920000000000000e+17
8.239968000000000000e+17
8.246016000000000000e+17
8.252064000000000000e+17
8.258112000000000000e+17
8.264160000000000000e+17
8.270208000000000000e+17
8.276256000000000000e+17
8.282304000000000000e+17
8.288352000000000000e+17
8.294400000000000000e+17
8.300448000000000000e+17
8.306496000000000000e+17
8.312544000000000000e+17
8.318592000000000000e+17
8.324640000000000000e+17
8.330688000000000000e+17
8.336736000000000000e+17
8.342784000000000000e+17
8.348832000000000000e+17
8.354880000000000000e+17
8.360928000000000000e+17
8.366976000000000000e+17
8.373024000000000000e+17
8.379072000000000000e+17
8.385120000000000000e+17
8.391168000000000000e+17
8.397216000000000000e+17
8.403264000000000000e+17
8.409312000000000000e+17
8.415360000000000000e+17
8.421408000000000000e+17
8.427456000000000000e+17
8.433504000000000000e+17
8.439552000000000000e+17
8.445600000000000000e+17
8.451648000000000000e+17
8.457696000000000000e+17
8.463744000000000000e+17
8.469792000000000000e+17
8.475840000000000000e+17
8.481888000000000000e+17
8.487936000000000000e+17
8.493984000000000000e+17
8.500032000000000000e+17
8.506080000000000000e+17
8.512128000000000000e+17
8.518176000000000000e+17
8.524224000000000000e+17
8.530272000000000000e+17
8.536320000000000000e+17
8.542368000000000000e+17
8.548416000000000000e+17
8.554464000000000000e+17
8.560512000000000000e+17
8.566560000000000000e+17
8.572608000000000000e+17
8.578656000000000000e+17
8.584704000000000000e+17
8.590752000000000000e+17
8.596800000000000000e+17
8.602848000000000000e+17
8.608896000000000000e+17
8.614944000000000000e+17
8.620992000000000000e+17
8.627040000000000000e+17
8.633088000000000000e+17
8.639136000000000000e+17
8.645184000000000000e+17
8.651232000000000000e+17
8.657280000000000000e+17
8.663328000000000000e+17
8.669376000000000000e+17
8.675424000000000000e+17
8.681472000000000000e+17
8.687520000000000000e+17
8.693568000000000000e+17
8.699616000000000000e+17
8.705664000000000000e+17
8.711712000000000000e+17
8.717760000000000000e+17
8.723808000000000000e+17
8.729856000000000000e+17
8.735904000000000000e+17
8.741952000000000000e+17
8.748000000000000000e+17
8.754048000000000000e+17
8.760096000000000000e+17
8.766144000000000000e+17
8.772192000000000000e+17
8.778240000000000000e+17
8.784288000000000000e+17
8.790336000000000000e+17
8.796384000000000000e+17
8.802432000000000000e+17
8.808480000000000000e+17
8.814528000000000000e+17
8.820576000000000000e+17
8.826624000000000000e+17
8.832672000000000000e+17
8.838720000000000000e+17
8.844768000000000000e+17
8.850816000000000000e+17
8.856864000000000000e+17
8.862912000000000000e+17
8.868960000000000000e+17
8.875008000000000000e+17
8.881056000000000000e+17
8.887104000000000000e+17
8.893152000000000000e+17
8.899200000000000000e+17
8.905248000000000000e+17
8.911296000000000000e+17
8.917344000000000000e+17
8.923392000000000000e+17
8.929440000000000000e+17
8.935488000000000000e+17
8.941536000000000000e+17
8.947584000000000000e+17
8.953632000000000000e+17
8.959680000000000000e+17
8.965728000000000000e+17
8.971776000000000000e+17
8.977824000000000000e+17
8.983872000000000000e+17
8.989920000000000000e+17
8.995968000000000000e+17
9.002016000000000000e+17
9.008064000000000000e+17
9.014112000000000000e+17
9.020160000000000000e+17
9.026208000000000000e+17
9.032256000000000000e+17
9.038304000000000000e+17
9.044352000000000000e+17
9.050400000000000000e+17
9.056448000000000000e+17
9.062496000000000000e+17
9.068544000000000000e+17
9.074592000000000000e+17
9.080640000000000000e+17
9.086688000000000000e+17
9.092736000000000000e+17
9.098784000000000000e+17
9.104832000000000000e+17
9.110880000000000000e+17
9.116928000000000000e+17
9.122976000000000000e+17
9.129024000000000000e+17
9.135072000000000000e+17
9.141120000000000000e+17
9.147168000000000000e+17
9.153216000000000000e+17
9.159264000000000000e+17
9.165312000000000000e+17
9.171360000000000000e+17
9.177408000000000000e+17
9.183456000000000000e+17
9.189504000000000000e+17
9.195552000000000000e+17
9.201600000000000000e+17
9.207648000000000000e+17
9.213696000000000000e+17
9.219744000000000000e+17
9.225792000000000000e+17
9.231840000000000000e+17
9.237888000000000000e+17
9.243936000000000000e+17
9.249984000000000000e+17
9.256032000000000000e+17
9.262080000000000000e+17
9.268128000000000000e+17
9.274176000000000000e+17
9.280224000000000000e+17
9.286272000000000000e+17
9.292320000000000000e+17
9.298368000000000000e+17
9.304416000000000000e+17
9.310464000000000000e+17
9.316512000000000000e+17
9.322560000000000000e+17
9.328608000000000000e+17
9.334656000000000000e+17
9.340704000000000000e+17
9.346752000000000000e+17
9.352800000000000000e+17
9.358848000000000000e+17
9.364896000000000000e+17
9.370944000000000000e+17
9.376992000000000000e+17
9.383040000000000000e+17
9.389088000000000000e+17
9.395136000000000000e+17
9.401184000000000000e+17
9.407232000000000000e+17
9.413280000000000000e+17
9.419328000000000000e+17
9.425376000000000000e+17
9.431424000000000000e+17
9.437472000000000000e+17
9.443520000000000000e+17
9.449568000000000000e+17
9.455616000000000000e+17
9.461664000000000000e+17
9.467712000000000000e+17
9.473760000000000000e+17
9.479808000000000000e+17
9.485856000000000000e+17
9.491904000000000000e+17
9.497952000000000000e+17
9.504000000000000000e+17
9.510048000000000000e+17
9.516096000000000000e+17
9.522144000000000000e+17
9.528192000000000000e+17
9.534240000000000000e+17
9.540288000000000000e+17
9.546336000000000000e+17
9.552384000000000000e+17
9.558432000000000000e+17
9.564480000000000000e+17
9.570528000000000000e+17
9.576576000000000000e+17
9.582624000000000000e+17
9.588672000000000000e+17
9.594720000000000000e+17
9.600768000000000000e+17
9.606816000000000000e+17
9.612864000000000000e+17
9.618912000000000000e+17
9.624960000000000000e+17
9.631008000000000000e+17
9.637056000000000000e+17
9.643104000000000000e+17
9.649152000000000000e+17
9.655200000000000000e+17
9.661248000000000000e+17
9.667296000000000000e+17
9.673344000000000000e+17
9.679392000000000000e+17
9.685440000000000000e+17
9.691488000000000000e+17
9.697536000000000000e+17
9.703584000000000000e+17
9.709632000000000000e+17
9.715680000000000000e+17
9.721728000000000000e+17
9.727776000000000000e+17
9.733824000000000000e+17
9.739872000000000000e+17
9.745920000000000000e+17
9.751968000000000000e+17
9.758016000000000000e+17
9.764064000000000000e+17
9.770112000000000000e+17
9.776160000000000000e+17
9.782208000000000000e+17
9.788256000000000000e+17
9.794304000000000000e+17
9.800352000000000000e+17
9.806400000000000000e+17
9.812448000000000000e+17
9.818496000000000000e+17
9.824544000000000000e+17
9.830592000000000000e+17
9.836640000000000000e+17
9.842688000000000000e+17
9.848736000000000000e+17
9.854784000000000000e+17
9.860832000000000000e+17
9.866880000000000000e+17
9.872928000000000000e+17
9.878976000000000000e+17
9.885024000000000000e+17
9.891072000000000000e+17
9.897120000000000000e+17
9.903168000000000000e+17
9.909216000000000000e+17
9.915264000000000000e+17
9.921312000000000000e+17
9.927360000000000000e+17
9.933408000000000000e+17
9.939456000000000000e+17
9.945504000000000000e+17
9.951552000000000000e+17
9.957600000000000000e+17
9.963648000000000000e+17
9.969696000000000000e+17
9.975744000000000000e+17
9.981792000000000000e+17
9.987840000000000000e+17
9.993888000000000000e+17
9.999936000000000000e+17
1.000598400000000000e+18
1.001203200000000000e+18
1.001808000000000000e+18
1.002412800000000000e+18
1.003017600000000000e+18
1.003622400000000000e+18
1.004227200000000000e+18
1.004832000000000000e+18
1.005436800000000000e+18
1.006041600000000000e+18
1.006646400000000000e+18
1.007251200000000000e+18
1.007856000000000000e+18
1.008460800000000000e+18
1.009065600000000000e+18
1.009670400000000000e+18
1.010275200000000000e+18
1.010880000000000000e+18
1.011484800000000000e+18
1.012089600000000000e+18
1.012694400000000000e+18
1.013299200000000000e+18
1.013904000000000000e+18
1.014508800000000000e+18
1.015113600000000000e+18
1.015718400000000000e+18
1.016323200000000000e+18
1.016928000000000000e+18
1.017532800000000000e+18
1.018137600000000000e+18
1.018742400000000000e+18
1.019347200000000000e+18
1.019952000000000000e+18
1.020556800000000000e+18
1.021161600000000000e+18
1.021766400000000000e+18
1.022371200000000000e+18
1.022976000000000000e+18
1.023580800000000000e+18
1.024185600000000000e+18
1.024790400000000000e+18
1.025395200000000000e+18
1.026000000000000000e+18
1.026604800000000000e+18
1.027209600000000000e+18
1.027814400000000000e+18
1.028419200000000000e+18
1.029024000000000000e+18
1.029628800000000000e+18
1.030233600000000000e+18
1.030838400000000000e+18
1.031443200000000000e+18
1.032048000000000000e+18
1.032652800000000000e+18
1.033257600000000000e+18
1.033862400000000000e+18
1.034467200000000000e+18
1.035072000000000000e+18
1.035676800000000000e+18
1.036281600000000000e+18
1.036886400000000000e+18
1.037491200000000000e+18
1.038096000000000000e+18
1.038700800000000000e+18
1.039305600000000000e+18
1.039910400000000000e+18
1.040515200000000000e+18
1.041120000000000000e+18
1.041724800000000000e+18
1.042329600000000000e+18
1.042934400000000000e+18
1.043539200000000000e+18
1.044144000000000000e+18
1.044748800000000000e+18
1.045353600000000000e+18
1.045958400000000000e+18
1.046563200000000000e+18
1.047168000000000000e+18
1.047772800000000000e+18
1.048377600000000000e+18
1.048982400000000000e+18
1.049587200000000000e+18
1.050192000000000000e+18
1.050796800000000000e+18
1.051401600000000000e+18
1.052006400000000000e+18
1.052611200000000000e+18
1.053216000000000000e+18
1.053820800000000000e+18
1.054425600000000000e+18
1.055030400000000000e+18
1.055635200000000000e+18
1.056240000000000000e+18
1.056844800000000000e+18
1.057449600000000000e+18
1.058054400000000000e+18
1.058659200000000000e+18
1.059264000000000000e+18
1.059868800000000000e+18
1.060473600000000000e+18
1.061078400000000000e+18
1.061683200000000000e+18
1.062288000000000000e+18
1.062892800000000000e+18
1.063497600000000000e+18
1.064102400000000000e+18
1.064707200000000000e+18
1.065312000000000000e+18
1.065916800000000000e+18
1.066521600000000000e+18
1.067126400000000000e+18
1.067731200000000000e+18
1.068336000000000000e+18
1.068940800000000000e+18
1.069545600000000000e+18
1.070150400000000000e+18
1.070755200000000000e+18
1.071360000000000000e+18
1.071964800000000000e+18
1.072569600000000000e+18
1.073174400000000000e+18
1.073779200000000000e+18
1.074384000000000000e+18
1.074988800000000000e+18
1.075593600000000000e+18
1.076198400000000000e+18
1.076803200000000000e+18
1.077408000000000000e+18
1.078012800000000000e+18
1.078617600000000000e+18
1.079222400000000000e+18
1.079827200000000000e+18
1.080432000000000000e+18
1.081036800000000000e+18
1.081641600000000000e+18
1.082246400000000000e+18
1.082851200000000000e+18
1.083456000000000000e+18
1.084060800000000000e+18
1.084665600000000000e+18
1.085270400000000000e+18
1.085875200000000000e+18
1.086480000000000000e+18
1.087084800000000000e+18
1.087689600000000000e+18
1.088294400000000000e+18
1.088899200000000000e+18
1.089504000000000000e+18
1.090108800000000000e+18
1.090713600000000000e+18
1.091318400000000000e+18
1.091923200000000000e+18
1.092528000000000000e+18
1.093132800000000000e+18
1.093737600000000000e+18
1.094342400000000000e+18
1.094947200000000000e+18
1.095552000000000000e+18
1.096156800000000000e+18
1.096761600000000000e+18
1.097366400000000000e+18
1.097971200000000000e+18
1.098576000000000000e+18
1.099180800000000000e+18
1.099785600000000000e+18
1.100390400000000000e+18
1.100995200000000000e+18
1.101600000000000000e+18
1.102204800000000000e+18
1.102809600000000000e+18
1.103414400000000000e+18
1.104019200000000000e+18
1.104624000000000000e+18
1.105228800000000000e+18
1.105833600000000000e+18
1.106438400000000000e+18
1.107043200000000000e+18
1.107648000000000000e+18
1.108252800000000000e+18
1.108857600000000000e+18
1.109462400000000000e+18
1.110067200000000000e+18
1.110672000000000000e+18
1.111276800000000000e+18
1.111881600000000000e+18
1.112486400000000000e+18
1.113091200000000000e+18
1.113696000000000000e+18
1.114300800000000000e+18
1.114905600000000000e+18
1.115510400000000000e+18
1.116115200000000000e+18
1.116720000000000000e+18
1.117324800000000000e+18
1.117929600000000000e+18
1.118534400000000000e+18
1.119139200000000000e+18
1.119744000000000000e+18
1.120348800000000000e+18
1.120953600000000000e+18
1.121558400000000000e+18
1.122163200000000000e+18
1.122768000000000000e+18
1.123372800000000000e+18
1.123977600000000000e+18
1.124582400000000000e+18
1.125187200000000000e+18
1.125792000000000000e+18
1.126396800000000000e+18
1.127001600000000000e+18
1.127606400000000000e+18
1.128211200000000000e+18
1.128816000000000000e+18
1.129420800000000000e+18
1.130025600000000000e+18
1.130630400000000000e+18
1.131235200000000000e+18
1.131840000000000000e+18
1.132444800000000000e+18
1.133049600000000000e+18
1.133654400000000000e+18
1.134259200000000000e+18
1.134864000000000000e+18
1.135468800000000000e+18
1.136073600000000000e+18
1.136678400000000000e+18
1.137283200000000000e+18
1.137888000000000000e+18
1.138492800000000000e+18
1.139097600000000000e+18
1.139702400000000000e+18
1.140307200000000000e+18
1.140912000000000000e+18
1.141516800000000000e+18
1.142121600000000000e+18
1.142726400000000000e+18
1.143331200000000000e+18
1.143936000000000000e+18
1.144540800000000000e+18
1.145145600000000000e+18
1.145750400000000000e+18
1.146355200000000000e+18
1.146960000000000000e+18
1.147564800000000000e+18
1.148169600000000000e+18
1.148774400000000000e+18
1.149379200000000000e+18
1.149984000000000000e+18
1.150588800000000000e+18
1.151193600000000000e+18
1.151798400000000000e+18
1.152403200000000000e+18
1.153008000000000000e+18
1.153612800000000000e+18
1.154217600000000000e+18
1.154822400000000000e+18
1.155427200000000000e+18
1.156032000000000000e+18
1.156636800000000000e+18
1.157241600000000000e+18
1.157846400000000000e+18
1.158451200000000000e+18
1.159056000000000000e+18
1.159660800000000000e+18
1.160265600000000000e+18
1.160870400000000000e+18
1.161475200000000000e+18
1.162080000000000000e+18
1.162684800000000000e+18
1.163289600000000000e+18
1.163894400000000000e+18
1.164499200000000000e+18
1.165104000000000000e+18
1.165708800000000000e+18
1.166313600000000000e+18
1.166918400000000000e+18
1.167523200000000000e+18
1.168128000000000000e+18
1.168732800000000000e+18
1.169337600000000000e+18
1.169942400000000000e+18
1.170547200000000000e+18
1.171152000000000000e+18
1.171756800000000000e+18
1.172361600000000000e+18
1.172966400000000000e+18
1.173571200000000000e+18
1.174176000000000000e+18
1.174780800000000000e+18
1.175385600000000000e+18
1.175990400000000000e+18
1.176595200000000000e+18
1.177200000000000000e+18
1.177804800000000000e+18
1.178409600000000000e+18
1.179014400000000000e+18
1.179619200000000000e+18
1.180224000000000000e+18
1.180828800000000000e+18
1.181433600000000000e+18
1.182038400000000000e+18
1.182643200000000000e+18
1.183248000000000000e+18
1.183852800000000000e+18
1.184457600000000000e+18
1.185062400000000000e+18
1.185667200000000000e+18
1.186272000000000000e+18
1.186876800000000000e+18
1.187481600000000000e+18
1.188086400000000000e+18
1.188691200000000000e+18
1.189296000000000000e+18
1.189900800000000000e+18
1.190505600000000000e+18
1.191110400000000000e+18
1.191715200000000000e+18
1.192320000000000000e+18
1.192924800000000000e+18
1.193529600000000000e+18
1.194134400000000000e+18
1.194739200000000000e+18
1.195344000000000000e+18
1.195948800000000000e+18
1.196553600000000000e+18
1.197158400000000000e+18
1.197763200000000000e+18
1.198368000000000000e+18
1.198972800000000000e+18
1.199577600000000000e+18
1.200182400000000000e+18
1.200787200000000000e+18
1.201392000000000000e+18
1.201996800000000000e+18
1.202601600000000000e+18
1.203206400000000000e+18
1.203811200000000000e+18
1.204416000000000000e+18
1.205020800000000000e+18
1.205625600000000000e+18
1.206230400000000000e+18
1.206835200000000000e+18
1.207440000000000000e+18
1.208044800000000000e+18
1.208649600000000000e+18
1.209254400000000000e+18
1.209859200000000000e+18
1.210464000000000000e+18
1.211068800000000000e+18
1.211673600000000000e+18
1.212278400000000000e+18
1.212883200000000000e+18
1.213488000000000000e+18
1.214092800000000000e+18
1.214697600000000000e+18
1.215302400000000000e+18
1.215907200000000000e+18
1.216512000000000000e+18
1.217116800000000000e+18
1.217721600000000000e+18
1.218326400000000000e+18
1.218931200000000000e+18
1.219536000000000000e+18
1.220140800000000000e+18
1.220745600000000000e+18
1.221350400000000000e+18
1.221955200000000000e+18
1.222560000000000000e+18
1.223164800000000000e+18
1.223769600000000000e+18
1.224374400000000000e+18
1.224979200000000000e+18
1.225584000000000000e+18
1.226188800000000000e+18
1.226793600000000000e+18
1.227398400000000000e+18
1.228003200000000000e+18
1.228608000000000000e+18
1.229212800000000000e+18
1.229817600000000000e+18
1.230422400000000000e+18
1.231027200000000000e+18
1.231632000000000000e+18
1.232236800000000000e+18
1.232841600000000000e+18
1.233446400000000000e+18
1.234051200000000000e+18
1.234656000000000000e+18
1.235260800000000000e+18
1.235865600000000000e+18
1.236470400000000000e+18
1.237075200000000000e+18
1.237680000000000000e+18
1.238284800000000000e+18
1.238889600000000000e+18
1.239494400000000000e+18
1.240099200000000000e+18
1.240704000000000000e+18
1.241308800000000000e+18
1.241913600000000000e+18
1.242518400000000000e+18
1.243123200000000000e+18
1.243728000000000000e+18
1.244332800000000000e+18
1.244937600000000000e+18
1.245542400000000000e+18
1.246147200000000000e+18
1.246752000000000000e+18
1.247356800000000000e+18
1.247961600000000000e+18
1.248566400000000000e+18
1.249171200000000000e+18
1.249776000000000000e+18
1.250380800000000000e+18
1.250985600000000000e+18
1.251590400000000000e+18
1.252195200000000000e+18
1.252800000000000000e+18
1.253404800000000000e+18
1.254009600000000000e+18
1.254614400000000000e+18
1.255219200000000000e+18
1.255824000000000000e+18
1.256428800000000000e+18
1.257033600000000000e+18
1.257638400000000000e+18
1.258243200000000000e+18
1.258848000000000000e+18
1.259452800000000000e+18
1.260057600000000000e+18
1.260662400000000000e+18
1.261267200000000000e+18
1.261872000000000000e+18
1.262476800000000000e+18
1.263081600000000000e+18
1.263686400000000000e+18
1.264291200000000000e+18
1.264896000000000000e+18
1.265500800000000000e+18
1.266105600000000000e+18
1.266710400000000000e+18
1.267315200000000000e+18
1.267920000000000000e+18
1.268524800000000000e+18
1.269129600000000000e+18
1.269734400000000000e+18
1.270339200000000000e+18
1.270944000000000000e+18
1.271548800000000000e+18
1.272153600000000000e+18
1.272758400000000000e+18
1.273363200000000000e+18
1.273968000000000000e+18
1.274572800000000000e+18
1.275177600000000000e+18
1.275782400000000000e+18
1.276387200000000000e+18
1.276992000000000000e+18
1.277596800000000000e+18
1.278201600000000000e+18
1.278806400000000000e+18
1.279411200000000000e+18
1.280016000000000000e+18
1.280620800000000000e+18
1.281225600000000000e+18
1.281830400000000000e+18
1.282435200000000000e+18
1.283040000000000000e+18
1.283644800000000000e+18
1.284249600000000000e+18
1.284854400000000000e+18
1.285459200000000000e+18
1.286064000000000000e+18
1.286668800000000000e+18
1.287273600000000000e+18
1.287878400000000000e+18
1.288483200000000000e+18
1.289088000000000000e+18
1.289692800000000000e+18
1.290297600000000000e+18
1.290902400000000000e+18
1.291507200000000000e+18
1.292112000000000000e+18
1.292716800000000000e+18
1.293321600000000000e+18
1.293926400000000000e+18
1.294531200000000000e+18
1.295136000000000000e+18
1.295740800000000000e+18
1.296345600000000000e+18
1.296950400000000000e+18
1.297555200000000000e+18
1.298160000000000000e+18
1.298764800000000000e+18
1.299369600000000000e+18
1.299974400000000000e+18
1.300579200000000000e+18
1.301184000000000000e+18
1.301788800000000000e+18
1.302393600000000000e+18
1.302998400000000000e+18
1.303603200000000000e+18
1.304208000000000000e+18
1.304812800000000000e+18
1.305417600000000000e+18
1.306022400000000000e+18
1.306627200000000000e+18
1.307232000000000000e+18
1.307836800000000000e+18
1.308441600000000000e+18
1.309046400000000000e+18
1.309651200000000000e+18
1.310256000000000000e+18
1.310860800000000000e+18
1.311465600000000000e+18
1.312070400000000000e+18
1.312675200000000000e+18
1.313280000000000000e+18
1.313884800000000000e+18
1.314489600000000000e+18
1.315094400000000000e+18
1.315699200000000000e+18
1.316304000000000000e+18
1.316908800000000000e+18
1.317513600000000000e+18
1.318118400000000000e+18
1.318723200000000000e+18
1.319328000000000000e+18
1.319932800000000000e+18
1.320537600000000000e+18
1.321142400000000000e+18
1.321747200000000000e+18
1.322352000000000000e+18
1.322956800000000000e+18
1.323561600000000000e+18
1.324166400000000000e+18
1.324771200000000000e+18
1.325376000000000000e+18
1.325980800000000000e+18
1.326585600000000000e+18
1.327190400000000000e+18
1.327795200000000000e+18
1.328400000000000000e+18
1.329004800000000000e+18
1.329609600000000000e+18
1.330214400000000000e+18
1.330819200000000000e+18
1.331424000000000000e+18
1.332028800000000000e+18
1.332633600000000000e+18
1.333238400000000000e+18
1.333843200000000000e+18
1.334448000000000000e+18
1.335052800000000000e+18
1.335657600000000000e+18
1.336262400000000000e+18
1.336867200000000000e+18
1.337472000000000000e+18
1.338076800000000000e+18
1.338681600000000000e+18
1.339286400000000000e+18
1.339891200000000000e+18
1.340496000000000000e+18
1.341100800000000000e+18
1.341705600000000000e+18
1.342310400000000000e+18
1.342915200000000000e+18
1.343520000000000000e+18
1.344124800000000000e+18
1.344729600000000000e+18
1.345334400000000000e+18
1.345939200000000000e+18
1.346544000000000000e+18
1.347148800000000000e+18
1.347753600000000000e+18
1.348358400000000000e+18
1.348963200000000000e+18
1.349568000000000000e+18
1.350172800000000000e+18
1.350777600000000000e+18
1.351382400000000000e+18
1.351987200000000000e+18
1.352592000000000000e+18
1.353196800000000000e+18
1.353801600000000000e+18
1.354406400000000000e+18
1.355011200000000000e+18
1.355616000000000000e+18
1.356220800000000000e+18
1.356825600000000000e+18
1.357430400000000000e+18
1.358035200000000000e+18
1.358640000000000000e+18
1.359244800000000000e+18
1.359849600000000000e+18
1.360454400000000000e+18
1.361059200000000000e+18
1.361664000000000000e+18
1.362268800000000000e+18
1.362873600000000000e+18
1.363478400000000000e+18
1.364083200000000000e+18
1.364688000000000000e+18
1.365292800000000000e+18
1.365897600000000000e+18
1.366502400000000000e+18
1.367107200000000000e+18
1.367712000000000000e+18
1.368316800000000000e+18
1.368921600000000000e+18
1.369526400000000000e+18
1.370131200000000000e+18
1.370736000000000000e+18
1.371340800000000000e+18
1.371945600000000000e+18
1.372550400000000000e+18
1.373155200000000000e+18
1.373760000000000000e+18
1.374364800000000000e+18
1.374969600000000000e+18
1.375574400000000000e+18
1.376179200000000000e+18
1.376784000000000000e+18
1.377388800000000000e+18
1.377993600000000000e+18
1.378598400000000000e+18
1.379203200000000000e+18
1.379808000000000000e+18
1.380412800000000000e+18
1.381017600000000000e+18
1.381622400000000000e+18
1.382227200000000000e+18
1.382832000000000000e+18
1.383436800000000000e+18
1.384041600000000000e+18
1.384646400000000000e+18
1.385251200000000000e+18
1.385856000000000000e+18
1.386460800000000000e+18
1.387065600000000000e+18
1.387670400000000000e+18
1.388275200000000000e+18
